2.470466952084189247e-02
2.046455749567537702e-02
2.464423280919844292e-02
9.287084024544174990e-03
2.441593860740078406e-02
1.636889437486409651e-02
2.209952024939381213e-02
2.381109020033332288e-02
1.013297174747703616e-02
2.653481551351643056e-02
2.331060173131300692e-02
1.891130440762992318e-02
1.214711023874651130e-02
1.550796357483376700e-02
1.407764823241097404e-02
1.981167250789137371e-02
1.666426713116127278e-02
1.559459499363213125e-02
2.018047627889873324e-02
1.651847222951243963e-02
2.064780497613304469e-02
1.140676818551531781e-02
2.286600458083411225e-02
1.588861323218557567e-02
1.992271889563131462e-02
2.149150781465645338e-02
1.529200006777915385e-02
2.196009802073240966e-02
1.530612850682186270e-02
1.274529873127052369e-02
1.510636736248394986e-02
1.571122779550402498e-02
1.400441920269260808e-02
1.769597895937051121e-02
2.436744357415765103e-02
3.019760766140645175e-02
2.271290421081963162e-02
5.455696727339385405e-02
2.109110673625258156e-02
1.984215134451357623e-02
2.288394520796513745e-02
1.739431093400036279e-02
7.908468318078551440e-03
1.034421378743866429e-02
2.361498379144837817e-02
2.372117683340050492e-02
9.641160258273788822e-03
2.092757488977694050e-02
2.475400721338178248e-02
5.094147350358069204e-02
2.000245989292899831e-02
1.950144772616027936e-02
3.425361185900430844e-02
3.070653455937897430e-02
1.291459964292666039e-02
1.174846164390710990e-02
1.289832123728494248e-02
1.797785020060497368e-02
2.680378681144993808e-02
3.401520642289140861e-02
1.416376869253821100e-02
1.297918695326099464e-02
