1.885371477866993051e-01
1.792801591430429609e-01
1.246676709487133383e-01
1.690787007019035060e-01
1.627074319993326579e-01
1.040681544829104022e-01
1.158845602780154416e-01
2.044696645075635977e-01
2.048095565097377835e-01
2.440147352760047850e-01
1.546621388302823752e-01
1.691239405725164235e-01
1.805943109743623209e-01
1.387390584828390172e-01
1.196338763531376026e-01
1.576861850466475812e-01
1.767378271793123290e-01
1.795943434534628680e-01
1.127411523551570399e-01
1.087507900386849718e-01
2.256393847968044541e-01
2.307209621143875566e-01
1.534849194389599769e-01
1.355834295339151119e-01
1.320283410204846908e-01
1.144107299642829895e-01
9.019098733444726179e-02
8.826519522236644932e-02
1.242197136960047493e-01
1.206166158503986507e-01
1.710296381194270909e-01
1.467072741443063988e-01
9.956830780637920819e-02
1.103996540181840652e-01
1.442587190976900580e-01
1.461439956615525060e-01
1.230319241507193545e-01
1.137284204541752081e-01
1.865696982186182684e-01
1.600443798603064793e-01
1.502145890211406265e-01
2.033027557578670486e-01
1.263425476813577475e-01
1.640419956051744621e-01
9.467871846261195767e-02
1.050395001551329560e-01
1.389620078738673381e-01
1.819823319015888008e-01
1.848745396040621936e-01
1.863891369733182701e-01
1.698814174808480348e-01
1.089751502037922398e-01
1.245517168491298149e-01
1.253368299224072169e-01
1.368251987958703231e-01
1.161971981646426899e-01
2.337550105152316482e-01
2.135459009622034943e-01
1.594508240841692182e-01
1.957216725876759766e-01
1.010253486786414495e-01
1.014004901131311392e-01
