1.838709677419355870e+00
1.838709677419355870e+00
2.838709677419355870e+00
2.838709677419355870e+00
8.387096774193558701e-01
8.387096774193558701e-01
2.838709677419355870e+00
2.838709677419355870e+00
3.838709677419355870e+00
3.838709677419355870e+00
8.387096774193558701e-01
8.387096774193558701e-01
3.838709677419355870e+00
3.838709677419355870e+00
-4.161290322580644130e+00
-4.161290322580644130e+00
8.387096774193558701e-01
8.387096774193558701e-01
-4.161290322580644130e+00
-4.161290322580644130e+00
1.838709677419355870e+00
1.838709677419355870e+00
8.387096774193558701e-01
8.387096774193558701e-01
-6.161290322580644130e+00
-6.161290322580644130e+00
2.838709677419355870e+00
2.838709677419355870e+00
-1.612903225806441299e-01
-1.612903225806441299e-01
-1.612903225806441299e-01
-1.612903225806441299e-01
-1.612903225806441299e-01
-1.612903225806441299e-01
-8.161290322580644130e+00
-8.161290322580644130e+00
1.838709677419355870e+00
1.838709677419355870e+00
3.838709677419355870e+00
3.838709677419355870e+00
-1.612903225806441299e-01
-1.612903225806441299e-01
8.387096774193558701e-01
8.387096774193558701e-01
1.838709677419355870e+00
1.838709677419355870e+00
8.387096774193558701e-01
8.387096774193558701e-01
-1.612903225806441299e-01
-1.612903225806441299e-01
-8.161290322580644130e+00
-8.161290322580644130e+00
-1.612903225806441299e-01
-1.612903225806441299e-01
-6.161290322580644130e+00
-6.161290322580644130e+00
8.387096774193558701e-01
8.387096774193558701e-01
1.838709677419355870e+00
1.838709677419355870e+00
2.838709677419355870e+00
2.838709677419355870e+00
