3.462250706200969974e-02
1.897570612334925633e-02
3.414349718441492265e-01
1.165457710643663658e-01
-3.969839422083676350e-03
-8.116352924379954814e-04
1.696917283605327564e-01
8.438022868848332747e-02
-7.553386565249722850e-02
-1.331446292309255985e-01
-9.797056638881329604e-02
-1.440296956238553694e-01
5.449683803123828163e-02
-4.901023727097603144e-02
1.186413234017691387e-02
6.223144981742029236e-02
-8.504688338080204635e-02
-2.456763478874524065e-03
-1.011565866758340759e-01
-1.235897435424310464e-01
-3.848319400860067407e-02
1.419341614279762132e-02
3.356855579036366333e-02
-2.487202954717299130e-02
-2.936383961302724277e-02
3.413145890604779575e-02
-3.743674788921824703e-02
4.696394580027130061e-03
-1.359361400943671916e-01
-7.436436007921901070e-02
-8.503956390676564725e-02
-9.089880634879554666e-02
-6.982930571930903718e-02
-1.426409950116398484e-01
-1.276279487735507423e-01
-7.215845195792658373e-03
4.886408550564808051e-02
1.086220921179688048e-01
-1.312521616685452530e-02
-7.236461110378916706e-02
1.458560161673156386e-01
1.775698862561010949e-01
-1.515778816515326033e-01
-8.242881267875812323e-03
2.324308565690880179e-02
1.497460030702053024e-01
-1.426350272790160578e-01
-1.574928527548657142e-01
3.127728652947821542e-01
1.807995647597943623e-01
-8.788353301762194536e-02
8.256809359229122514e-03
1.325546917973218775e-01
2.567068286385582043e-02
3.432316656881317929e-03
-6.637584151397266097e-02
-1.064327937681933678e-01
-6.980601523179910672e-02
7.766160246128406275e-02
8.357059338169026130e-02
4.798520794316696314e-03
9.211390100824012883e-02
