1.014688474866135004e-02
-2.739259567872631695e-03
3.501069569359333000e-03
-1.007246725079627425e-02
3.960771596577233877e-03
-4.018727556536340340e-02
-3.971448152439382984e-03
-6.428827269959941360e-03
7.902758882743252111e-02
9.416258190225507141e-02
-2.470314578036938991e-02
4.488511683444426636e-02
5.447379340691946292e-02
2.813034188542248848e-02
-2.126047632750732719e-02
-1.179346264448893900e-02
1.803801471798682776e-02
1.922573209707301167e-02
-2.512420518108149370e-02
-3.226255083825695091e-02
3.993108091107233637e-02
5.053997986962313615e-02
2.754804201717950263e-02
-1.489938450657488089e-02
-1.141004237600945492e-02
-1.886202158286934272e-02
-1.838986156268671013e-02
-2.648068113485137209e-02
-5.200183596302061784e-02
-5.247405353331073552e-02
1.454463873417982667e-02
2.054250381938724224e-02
-3.974122193676969672e-02
-5.480455804043880830e-02
-1.873593431394263153e-02
-3.992896825665026572e-02
-5.141460229406412397e-02
-1.450303731360358395e-02
-4.277136386040325533e-03
1.031542901379506327e-02
1.669643918374552616e-02
2.464043409049421207e-02
2.752413699573755257e-02
8.332238197824637371e-03
-2.850061602973405495e-02
-2.805677160223873923e-02
1.527837838544859883e-02
7.963578710223379042e-02
-1.879222755253662225e-02
1.186939814571011387e-02
2.753393867931164252e-03
-2.027056541053923189e-02
-2.989874205393916462e-02
-9.149729073601925444e-03
-3.475448248649952443e-02
-1.679067695731206733e-02
4.268785029847585455e-02
1.999164779034226513e-02
5.130240750410577921e-02
1.853966405152163155e-02
-3.897875477072905437e-02
-1.656632184884060388e-02
