1.736842105263157521e+00
1.736842105263157521e+00
2.736842105263157521e+00
2.736842105263157521e+00
2.736842105263157521e+00
2.736842105263157521e+00
3.736842105263157521e+00
3.736842105263157521e+00
7.368421052631575208e-01
7.368421052631575208e-01
-4.263157894736842479e+00
-4.263157894736842479e+00
-4.263157894736842479e+00
-4.263157894736842479e+00
7.368421052631575208e-01
7.368421052631575208e-01
-2.631578947368424792e-01
-2.631578947368424792e-01
3.736842105263157521e+00
3.736842105263157521e+00
-2.631578947368424792e-01
-2.631578947368424792e-01
1.736842105263157521e+00
1.736842105263157521e+00
7.368421052631575208e-01
7.368421052631575208e-01
-8.263157894736842479e+00
-8.263157894736842479e+00
-2.631578947368424792e-01
-2.631578947368424792e-01
-6.263157894736842479e+00
-6.263157894736842479e+00
7.368421052631575208e-01
7.368421052631575208e-01
1.736842105263157521e+00
1.736842105263157521e+00
2.736842105263157521e+00
2.736842105263157521e+00
