4.434910338189446133e-02
-4.567334245054321951e-02
3.597618698127086900e-01
2.200466511582581108e-01
1.140881834433409847e-01
2.956223666684565377e-02
-1.680927627621650877e-01
-1.720739713147931005e-01
-6.704180621145255925e-02
-8.866889530551189114e-02
-2.038893258982932277e-02
6.162626254432002071e-02
-8.073332155049975367e-02
-1.260641069704718231e-01
2.185862234531713022e-01
-2.141861359138330645e-02
-1.223040823254394893e-01
-1.572767565392378109e-01
-3.214799773543197681e-02
-5.131562999763655819e-02
5.567881015751025009e-02
2.233496364057807049e-01
-2.550875083101589169e-03
1.512697284700597056e-01
-1.269102928490964122e-01
-1.885101325674178041e-01
-8.326120038086420871e-02
-3.656145334641591749e-03
1.172889600194160775e-01
5.056881452718842151e-02
6.756193969708057523e-03
-7.125130218832342877e-02
-1.113014562900261351e-01
-1.029778635282098953e-01
9.711221552374255106e-02
1.068062750824067542e-01
-5.862016583921153545e-02
4.538848878893586569e-02
