6.736404701383175153e-03
1.294767792783252380e-02
6.410610348834000494e-03
6.796276548675345142e-03
-1.115442778422151560e-02
-1.096073961107477124e-02
7.398424253924912319e-02
8.313773965829107659e-02
-1.192518871483302934e-02
3.353938130118552796e-02
-3.120480636995130730e-02
-3.231109707488862004e-02
-3.842505304597088056e-02
-4.129975066629505698e-02
5.037657248324853287e-02
-1.314901183489294856e-02
-4.136278910640543705e-02
-5.737150581171239494e-02
5.530935862655211865e-03
2.079276211796643459e-02
5.983499739193431921e-03
4.091404955773736418e-02
-4.912861632754345065e-02
-3.269540058178944941e-02
6.664986681899048859e-03
7.663122185001983167e-02
-1.395697281721047789e-02
-1.933823615729751699e-02
-2.556767070451287927e-02
-1.150908519393492591e-02
-2.412450835988702580e-02
-5.903871147100725469e-04
4.570337697409587729e-02
2.120030996776559040e-02
3.447465524728113295e-02
1.860363973658568648e-02
-3.909826606227731483e-02
-4.525482990448982668e-02
