4.151488755484131210e-01
4.563201064608606861e-01
4.466215451407569148e-01
2.895908259192005452e-01
3.782117621808375185e-01
3.139973676125247248e-01
5.438570255095408479e-01
3.797523364903468979e-01
1.879438578399125204e-01
2.509242716959395048e-01
2.925180742028863912e-01
2.014496858206843988e-01
3.177721665282327024e-01
3.717832238551752044e-01
2.009903870545635129e-01
2.151551899518513444e-01
2.614521066047243991e-01
2.326807898628573679e-01
2.495140513469795707e-01
1.617579174374406126e-01
2.734023057681488345e-01
3.488058756385025161e-01
3.625278117284585488e-01
3.188731616456191853e-01
3.491460996375493342e-01
3.929403107561416086e-01
3.088484258377984237e-01
4.372771407425974366e-01
2.487134269976035983e-01
3.094135066268236534e-01
2.483795890528512351e-01
4.160446447090777045e-01
2.701727210303965232e-01
3.854321746455436348e-01
2.689862074448128859e-01
3.273488865155542160e-01
3.805771419382335541e-01
3.573704167583223179e-01
2.681690796027210721e-01
2.613675988183493115e-01
3.689458365349079783e-01
3.172128705571815588e-01
1.529315268428895203e-01
2.173226465435742771e-01
3.538494074848913540e-01
2.689248871121996398e-01
2.113760047480366389e-01
3.359777546752589217e-01
4.333952643296916096e-01
5.408434318674959496e-01
2.955972450005587837e-01
3.402456730475620361e-01
2.809550869006126605e-01
3.345060011937499578e-01
2.133773131829504732e-01
2.218367424657168574e-01
2.314269201369058560e-01
2.352747270911472455e-01
4.278212450046204318e-01
3.237084567635079568e-01
2.331478167821642022e-01
1.948663209303095056e-01
